[ 8000.  8000.  8000.  8000.  8200.  8200.  8200.  8200.  8400.  8400.
  8400.  8400.  8600.  8600.  8600.  8600.  8800.  8800.  8800.  8800.
  8000.  8000.  8000.  8000.  8200.  8200.  8200.  8200.  8400.  8400.
  8400.  8400.  8600.  8600.  8600.  8600.  8800.  8800.  8800.  8800.]
[ 3.5  4.   4.5  5.   3.5  4.   4.5  5.   3.5  4.   4.5  5.   3.5  4.   4.5
  5.   3.5  4.   4.5  5.   3.5  4.   4.5  5.   3.5  4.   4.5  5.   3.5  4.
  4.5  5.   3.5  4.   4.5  5.   3.5  4.   4.5  5. ]
[-1.5 -1.5 -1.5 -1.5 -1.5 -1.5 -1.5 -1.5 -1.5 -1.5 -1.5 -1.5 -1.5 -1.5 -1.5
 -1.5 -1.5 -1.5 -1.5 -1.5 -2.  -2.  -2.  -2.  -2.  -2.  -2.  -2.  -2.  -2.
 -2.  -2.  -2.  -2.  -2.  -2.  -2.  -2.  -2.  -2. ]
[ 0.92011682  0.89195706  0.84915382  0.78946967  0.90287285  0.883368
  0.8448353   0.79058186  0.8778849   0.86664454  0.83702532  0.78888393
  0.84917561  0.85146753  0.82654486  0.7845121   0.81743594  0.82556657
  0.81332623  0.77692197  0.91662024  0.88883027  0.84164049  0.78033681
  0.90201615  0.88001102  0.83939962  0.78366378  0.88032193  0.86498288
  0.83368116  0.78390985  0.85249319  0.85149815  0.82485048  0.78119983
  0.82191015  0.82868798  0.81317405  0.77507714]
[ 8000.  8000.  8000.  8000.  8200.  8200.  8200.  8200.  8400.  8400.
  8400.  8400.  8600.  8600.  8600.  8600.  8800.  8800.  8800.  8800.
  8000.  8000.  8000.  8000.  8200.  8200.  8200.  8200.  8400.  8400.
  8400.  8400.  8600.  8600.  8600.  8600.  8800.  8800.  8800.  8800.]
[ 3.5  4.   4.5  5.   3.5  4.   4.5  5.   3.5  4.   4.5  5.   3.5  4.   4.5
  5.   3.5  4.   4.5  5.   3.5  4.   4.5  5.   3.5  4.   4.5  5.   3.5  4.
  4.5  5.   3.5  4.   4.5  5.   3.5  4.   4.5  5. ]
[-1.5 -1.5 -1.5 -1.5 -1.5 -1.5 -1.5 -1.5 -1.5 -1.5 -1.5 -1.5 -1.5 -1.5 -1.5
 -1.5 -1.5 -1.5 -1.5 -1.5 -2.  -2.  -2.  -2.  -2.  -2.  -2.  -2.  -2.  -2.
 -2.  -2.  -2.  -2.  -2.  -2.  -2.  -2.  -2.  -2. ]
[-0.10574431 -0.0886149  -0.06541741 -0.04519174 -0.13238104 -0.10913109
 -0.08732254 -0.06673841 -0.15088991 -0.12925921 -0.10849408 -0.08751195
 -0.16737174 -0.15193787 -0.12818731 -0.10712581 -0.18171436 -0.16557944
 -0.14687428 -0.12472933 -0.10326045 -0.08464711 -0.06389575 -0.04367632
 -0.12975413 -0.10697669 -0.08561973 -0.06507378 -0.15126593 -0.12644741
 -0.10665856 -0.08583887 -0.16596765 -0.14915343 -0.12589985 -0.10549496
 -0.18044571 -0.16505263 -0.14464706 -0.1230018 ]
[ 8000.  8000.  8000.  8000.  8200.  8200.  8200.  8200.  8400.  8400.
  8400.  8400.  8600.  8600.  8600.  8600.  8800.  8800.  8800.  8800.
  8000.  8000.  8000.  8000.  8200.  8200.  8200.  8200.  8400.  8400.
  8400.  8400.  8600.  8600.  8600.  8600.  8800.  8800.  8800.  8800.]
[ 3.5  4.   4.5  5.   3.5  4.   4.5  5.   3.5  4.   4.5  5.   3.5  4.   4.5
  5.   3.5  4.   4.5  5.   3.5  4.   4.5  5.   3.5  4.   4.5  5.   3.5  4.
  4.5  5.   3.5  4.   4.5  5.   3.5  4.   4.5  5. ]
[-1.5 -1.5 -1.5 -1.5 -1.5 -1.5 -1.5 -1.5 -1.5 -1.5 -1.5 -1.5 -1.5 -1.5 -1.5
 -1.5 -1.5 -1.5 -1.5 -1.5 -2.  -2.  -2.  -2.  -2.  -2.  -2.  -2.  -2.  -2.
 -2.  -2.  -2.  -2.  -2.  -2.  -2.  -2.  -2.  -2. ]
[-0.02496545 -0.03415754 -0.0426528  -0.04850522 -0.01435419 -0.02694497
 -0.03650536 -0.04322023 -0.00755577 -0.01895685 -0.02973969 -0.03778181
 -0.00103889 -0.00972608 -0.02249611 -0.03200619  0.00505235 -0.00495176
 -0.01493763 -0.02613131 -0.02541203 -0.03473232 -0.04222575 -0.04795559
 -0.01499375 -0.02722008 -0.03632604 -0.0428766  -0.00676526 -0.01967522
 -0.02983979 -0.03762362 -0.00134447 -0.01060002 -0.02297021 -0.03200793
  0.004682   -0.00460271 -0.01550451 -0.02634186]
[ 8000.  8000.  8000.  8000.  8200.  8200.  8200.  8200.  8400.  8400.
  8400.  8400.  8600.  8600.  8600.  8600.  8800.  8800.  8800.  8800.
  8000.  8000.  8000.  8000.  8200.  8200.  8200.  8200.  8400.  8400.
  8400.  8400.  8600.  8600.  8600.  8600.  8800.  8800.  8800.  8800.]
[ 3.5  4.   4.5  5.   3.5  4.   4.5  5.   3.5  4.   4.5  5.   3.5  4.   4.5
  5.   3.5  4.   4.5  5.   3.5  4.   4.5  5.   3.5  4.   4.5  5.   3.5  4.
  4.5  5.   3.5  4.   4.5  5.   3.5  4.   4.5  5. ]
[-1.5 -1.5 -1.5 -1.5 -1.5 -1.5 -1.5 -1.5 -1.5 -1.5 -1.5 -1.5 -1.5 -1.5 -1.5
 -1.5 -1.5 -1.5 -1.5 -1.5 -2.  -2.  -2.  -2.  -2.  -2.  -2.  -2.  -2.  -2.
 -2.  -2.  -2.  -2.  -2.  -2.  -2.  -2.  -2.  -2. ]
[ 0.09790575  0.08037812  0.05584936  0.03565425  0.12785745  0.10301299
  0.08001224  0.05859891  0.15129528  0.12549828  0.1038742   0.08166594
  0.17283408  0.15200516  0.12621289  0.10402816  0.19212155  0.17053057
  0.14777503  0.12445252  0.09483257  0.07550219  0.05376499  0.03371255
  0.12441122  0.10027528  0.0777094   0.05642744  0.15082155  0.12200555
  0.10145625  0.07944899  0.17053582  0.14844574  0.12333116  0.10184178
  0.19001697  0.16901532  0.14486564  0.12217898]
[ 8000.  8000.  8000.  8000.  8200.  8200.  8200.  8200.  8400.  8400.
  8400.  8400.  8600.  8600.  8600.  8600.  8800.  8800.  8800.  8800.
  8000.  8000.  8000.  8000.  8200.  8200.  8200.  8200.  8400.  8400.
  8400.  8400.  8600.  8600.  8600.  8600.  8800.  8800.  8800.  8800.]
[ 3.5  4.   4.5  5.   3.5  4.   4.5  5.   3.5  4.   4.5  5.   3.5  4.   4.5
  5.   3.5  4.   4.5  5.   3.5  4.   4.5  5.   3.5  4.   4.5  5.   3.5  4.
  4.5  5.   3.5  4.   4.5  5.   3.5  4.   4.5  5. ]
[-1.5 -1.5 -1.5 -1.5 -1.5 -1.5 -1.5 -1.5 -1.5 -1.5 -1.5 -1.5 -1.5 -1.5 -1.5
 -1.5 -1.5 -1.5 -1.5 -1.5 -2.  -2.  -2.  -2.  -2.  -2.  -2.  -2.  -2.  -2.
 -2.  -2.  -2.  -2.  -2.  -2.  -2.  -2.  -2.  -2. ]
[ 0.20491375  0.19963882  0.17771707  0.1553251   0.24184308  0.22946417
  0.21282427  0.19080319  0.2719854   0.25856554  0.24652672  0.22613621
  0.29963852  0.29285727  0.27707307  0.25954009  0.3244965   0.318416
  0.30599159  0.28918567  0.20082642  0.19231887  0.17359454  0.15096621
  0.23744496  0.2254019   0.20867035  0.18636306  0.27091789  0.25374304
  0.24253065  0.22190319  0.2967661   0.28808946  0.27266783  0.25560327
  0.321894    0.31584242  0.30167735  0.2853534 ]
[ 8000.  8000.  8000.  8000.  8200.  8200.  8200.  8200.  8400.  8400.
  8400.  8400.  8600.  8600.  8600.  8600.  8800.  8800.  8800.  8800.
  8000.  8000.  8000.  8000.  8200.  8200.  8200.  8200.  8400.  8400.
  8400.  8400.  8600.  8600.  8600.  8600.  8800.  8800.  8800.  8800.]
[ 3.5  4.   4.5  5.   3.5  4.   4.5  5.   3.5  4.   4.5  5.   3.5  4.   4.5
  5.   3.5  4.   4.5  5.   3.5  4.   4.5  5.   3.5  4.   4.5  5.   3.5  4.
  4.5  5.   3.5  4.   4.5  5.   3.5  4.   4.5  5. ]
[-1.5 -1.5 -1.5 -1.5 -1.5 -1.5 -1.5 -1.5 -1.5 -1.5 -1.5 -1.5 -1.5 -1.5 -1.5
 -1.5 -1.5 -1.5 -1.5 -1.5 -2.  -2.  -2.  -2.  -2.  -2.  -2.  -2.  -2.  -2.
 -2.  -2.  -2.  -2.  -2.  -2.  -2.  -2.  -2.  -2. ]
[ 0.41183334  0.41289999  0.40246603  0.3931252   0.44552557  0.43964937
  0.43372983  0.42538878  0.47351845  0.46680725  0.46381987  0.45710247
  0.50002595  0.49807181  0.49148916  0.48696166  0.52483596  0.52193611
  0.51810351  0.51365787  0.40807366  0.40620566  0.39888728  0.38926393
  0.4413719   0.43595557  0.43009965  0.42147499  0.47216979  0.46239437
  0.46024744  0.45335728  0.49688329  0.49357172  0.48744701  0.48344008
  0.52174415  0.51934474  0.51405495  0.51015378]
